,state,rate,valuation
0,WY,3.0,-1.75
1,WV,0.0,0.0
2,WI,23.0,40.0
3,WA,111.0,182.75
4,VT,2.0,-4.0
5,VA,16.0,18.0
6,UT,14.0,18.5
7,TX,51.0,10.5
8,TN,72.0,28.25
9,SD,3.0,8.5
10,SC,4.0,7.75
11,RI,0.0,-3.0
12,PA,46.0,48.5
13,OR,45.0,34.0
14,OK,6.0,-6.25
15,OH,38.0,21.75
16,NY,74.0,98.5
17,NV,2.0,0.25
18,NM,0.0,-6.75
19,NJ,7.0,16.5
20,NH,6.0,7.75
21,NE,3.0,2.0
22,NC,21.0,24.25
23,MS,1.0,0.0
24,MO,18.0,-19.0
25,MN,30.0,12.75
26,MI,28.0,4.75
27,ME,3.0,0.0
28,MD,8.0,-0.5
29,MA,20.0,44.5
30,LA,1.0,3.0
31,KY,3.0,6.5
32,KS,0.0,0.75
33,IN,37.0,29.75
34,IL,47.0,55.75
35,ID,3.0,0.5
36,IA,5.0,-6.75
37,GA,18.0,37.0
38,FL,16.0,16.25
39,DC,5.0,8.5
40,CT,4.0,5.75
41,CO,8.0,16.25
42,CA,222.0,229.25
43,AZ,12.0,29.5
44,AL,17.0,12.5
